00
02
04
06
10
12
14
16
20
22
24
26
30
32
34
36
00
02
04
06
10
12
14
16
20
22
24
26
30
32
34
36
12
13
14
15
1a
1b
1c
1d
22
23
24
25
2a
2b
2c
2d
13
14
15
16
1b
1c
1d
1e
23
24
25
26
2b
2c
2d
2e
1b
1c
1d
1e
23
24
25
26
2b
2c
2d
2e
33
34
35
36
1c
1d
1e
1f
24
25
26
27
2c
2d
2e
2f
34
35
36
37
24
25
26
27
2c
2d
2e
2f
34
35
36
37
3c
3d
3e
3f
24
25
26
27
2c
2d
2e
2f
34
35
36
37
3c
3d
3e
3f
24
25
26
27
2c
2d
2e
2f
34
35
36
37
3c
3d
3e
3f
24
25
26
27
2c
2d
2e
2f
34
35
36
37
3c
3d
3e
3f
23
24
25
26
2b
2c
2d
2e
33
34
35
36
3b
3c
3d
3e
22
23
24
25
2a
2b
2c
2d
32
33
34
35
3a
3b
3c
3d
21
22
23
24
29
2a
2b
2c
31
32
33
34
39
3a
3b
3c
20
21
22
23
28
29
2a
2b
30
31
32
33
38
39
3a
3b
20
21
22
23
28
29
2a
2b
30
31
32
33
38
39
3a
3b
18
19
1a
1b
20
21
22
23
28
29
2a
2b
30
31
32
33
10
11
12
13
18
19
1a
1b
20
21
22
23
28
29
2a
2b
08
09
0a
0b
10
11
12
13
18
19
1a
1b
20
21
22
23
00
01
02
03
08
09
0a
0b
10
11
12
13
18
19
1a
1b
00
01
02
03
08
09
0a
0b
10
11
12
13
18
19
1a
1b
00
01
02
03
08
09
0a
0b
10
11
12
13
18
19
1a
1b
01
02
03
04
09
0a
0b
0c
11
12
13
14
19
1a
1b
1c
02
03
04
05
0a
0b
0c
0d
12
13
14
15
1a
1b
1c
1d
03
04
05
06
0b
0c
0d
0e
13
14
15
16
1b
1c
1d
1e
04
05
06
07
0c
0d
0e
0f
14
15
16
17
1c
1d
1e
1f
04
05
06
07
0c
0d
0e
0f
14
15
16
17
1c
1d
1e
1f
00
02
04
06
10
12
14
16
20
22
24
26
30
32
34
36
12
13
14
15
1a
1b
1c
1d
22
23
24
25
2a
2b
2c
2d
00
02
04
06
10
12
14
16
20
22
24
26
30
32
34
36
00
02
04
06
10
12
14
16
20
22
24
26
30
32
34
36
12
13
14
15
1a
1b
1c
1d
22
23
24
25
2a
2b
2c
2d
12
13
14
15
1a
1b
1c
1d
22
23
24
25
2a
2b
2c
2d
1a
1b
1c
1d
22
23
24
25
2a
2b
2c
2d
32
33
34
35
19
1a
1b
1c
21
22
23
24
29
2a
2b
2c
31
32
33
34
21
22
23
24
29
2a
2b
2c
31
32
33
34
39
3a
3b
3c
20
21
22
23
28
29
2a
2b
30
31
32
33
38
39
3a
3b
20
21
22
23
28
29
2a
2b
30
31
32
33
38
39
3a
3b
20
21
22
23
28
29
2a
2b
30
31
32
33
38
39
3a
3b
20
21
22
23
28
29
2a
2b
30
31
32
33
38
39
3a
3b
00
02
04
06
10
12
14
16
20
22
24
26
30
32
34
36
00
02
04
06
10
12
14
16
20
22
24
26
30
32
34
36
00
02
04
06
10
12
14
16
20
22
24
26
30
32
34
36
00
02
04
06
10
12
14
16
20
22
24
26
30
32
34
36
00
02
04
06
10
12
14
16
20
22
24
26
30
32
34
36
00
02
04
06
10
12
14
16
20
22
24
26
30
32
34
36
